source,target
spoker,meteord
calculator,meteord
crick-receiver-modules,meteord
diaproms-ml,meteord
orikami,meteord
mongo2es,meteord
meteord-ffmpeg-gm,meteord
air-quality,meteord
paletron,meteord
wekan1,meteord
noisefarm-meteor-sox,meteord
development,meteord
docker-spyfall,meteord
ms-kube,meteord
meteordw,meteord
meteor-wkhtml2pdf,meteord
meteor-wkhtmltopdf,meteord
sovereign-mup,meteord
crashassistweb,meteord
services,meteord
docker-spyfall,meteord
meteord-pdftk,meteord
wood-makers,meteord
ut-meteor,meteord
drawbuildplay,meteord
gandhi.co.nz,meteord
apk,meteord
scrumlab,meteord
gst-color-calibrator,meteord
docker-meteord-buzz,meteord
meteor-graphicsmagick,meteord
docker-dashboard,meteord
dockrz,meteord
quality-time,meteord
rocket.chat,meteord
wekan,meteord
status-board,meteord
meteor-graphicsmagick,meteord
stamps.chat,meteord
dreams,meteord
meteord-imagemagick,meteord
bosscha,meteord
meteor-dood,meteord
lidder,meteord
plexrequests-meteor,meteord
meteord-with-pdfunite,meteord
proclaimengineering,meteord
telescope,meteord
mondora-website-back,meteord
moolidoo-back,meteord
vknihovne,meteord
defcon,meteord
spyfall,meteord
wekan-test,meteord
meteor-pdf,meteord
tosdr2,meteord
webapp-back,meteord
meteor-gm,meteord
meteor-graphicsmagick,meteord
telescope,meteord
microscope,meteord
microscope-github,meteord
sample-project,meteord
simplecart,meteord
meteord-portal,meteord
firewaterdb,meteord
jobsource,meteord
ecu-ci,meteord
snowball-app,meteord
soupala,meteord
telescope,meteord
test,meteord
rocket.chat,meteord
brandkoop-site,meteord
brandkoop-web,meteord
brandkoop-web-new,meteord
taipei-open-data-hackathon,meteord
meteord-graphicsmagick,meteord
meteord-imagemagick,meteord
meteor-graphicsmagick,meteord
meteord-graphicsmagick,meteord
cp2m,meteord
where-is-my-bus-bro,meteord
recordlt,meteord
